%YAML:1.0
---
R: !!opencv-matrix
   rows: 3
   cols: 3
   dt: d
   data: [ 9.9272789880402457e-01, 4.4156893817794501e-02,
       -1.1198878365492768e-01, -4.9562380448496111e-02,
       9.9771340894113580e-01, -4.5951322759377723e-02,
       1.0970364342365620e-01, 5.1167590791652451e-02,
       9.9264645683755570e-01 ]
T: !!opencv-matrix
   rows: 3
   cols: 1
   dt: d
   data: [ -6.7031784171501019e-01, 1.2999999999999901e-02,
       -3.2109530734981462e-02 ]
