%YAML:1.0
M1: !!opencv-matrix
  rows: 3
  cols: 3
  dt: d
  data: [594.2409197503941, 0.0, 631.8043069346386, 0.0, 594.2409197503941, 372.2910141069664, 0.0, 0.0, 1.0]
D1: !!opencv-matrix
  rows: 5
  cols: 1
  dt: d
  data: [-0.21550330334250348, 0.09939879334904622, 0.0, 0.0, -0.02106444703325381]
M2: !!opencv-matrix
  rows: 3
  cols: 3
  dt: d
  data: [595.6736876853445, 0.0, 643.9096569381653, 0.0, 595.6736876853445, 387.2779929083458, 0.0, 0.0, 1.0]
D2: !!opencv-matrix
  rows: 5
  cols: 1
  dt: d
  data: [-0.2089117496381991, 0.0910669931687155, 0.0, 0.0, -0.017274331181776223]
